PinskyRinzel:
  Ltotal: 10.553665161132812
  V_rest: -64.0
  V_threshold: -41.0
  cm_ratio: 5.082561016082764
  dend_beta_Caconc: 0.016603905707597733
  dend_d_Caconc: 7.461632251739502
  dend_g_pas: 0.00836558360606432
  dend_gmax_Ca: 0.8999999761581421
  dend_gmax_KCa: 0.7960770130157471
  e_pas: -62
  gc: 50.0
  global_cm: 3.0
  global_diam: 10.0
  ic_constant: -0.018395932391285896
  pp: 0.19742479920387268
  soma_g_pas: 0.004090635105967522
  soma_gmax_K: 0.9541566371917725
  soma_gmax_Na: 0.2721889019012451
