PinskyRinzel:
  V_rest: -75.0
  V_threshold: -44.0
  Ltotal: 16.42649269104004
  cm_ratio: 26.981861114501953
  dend_aqs_KAHP: 2.0e-05
  dend_bq_KAHP: 0.001
  dend_beta_Caconc: 0.059142109006643295
  dend_d_Caconc: 14.36640739440918
  dend_g_pas: 0.07237020134925842
  dend_gmax_Ca: 0.47226861119270325
  dend_gmax_KAHP: 0.20999298989772797
  dend_gmax_KCa: 0.6570940017700195
  e_pas: -72.0
  gc: 0.14876411855220795
  global_cm: 3.0
  global_diam: 10.0
  ic_constant: 0.011470569297671318
  pp: 0.2017993927001953
  soma_g_pas: 0.0027090786024928093
  soma_gmax_K: 0.21109849214553833
  soma_gmax_Na: 0.8999999761581421
