PinskyRinzel:
  V_rest: -75.0
  V_threshold: -44.0
  Ltotal: 19.154605865478516
  cm_ratio: 10.373516082763672
  dend_aqs_KAHP: 2e-05
  dend_beta_Caconc: 0.075
  dend_bq_KAHP: 0.001
  dend_d_Caconc: 10.0
  dend_g_pas: 0.09717453271150589
  dend_gmax_Ca: 0.4169011414051056
  dend_gmax_KAHP: 0.10981495678424835
  dend_gmax_KCa: 0.7377673983573914
  e_pas: -72.0
  gc: 0.013254071585834026
  global_cm: 3.0
  global_diam: 10.0
  ic_constant: 0.005529002286493778
  pp: 0.3599259853363037
  soma_g_pas: 0.0018213836010545492
  soma_gmax_K: 0.10373733937740326
  soma_gmax_Na: 0.41447684168815613  
