PinskyRinzel:
  V_rest: -75.0
  V_threshold: -44.0
  Ltotal: 5.0
  cm_ratio: 19.343286514282227
  dend_aqs_KAHP: 2.0e-05
  dend_bq_KAHP: 0.001
  dend_beta_Caconc: 0.017832791432738304
  dend_d_Caconc: 18.517473220825195
  dend_g_pas: 0.05923973396420479
  dend_gmax_Ca: 0.01882585883140564
  dend_gmax_KAHP: 0.4891730844974518
  dend_gmax_KCa: 0.46783316135406494
  e_pas: -72.0
  gc: 4.156651496887207
  global_cm: 3.0
  global_diam: 10.0
  ic_constant: 0.00891246646642685
  pp: 0.809286892414093
  soma_g_pas: 0.0013192263431847095
  soma_gmax_K: 0.23661313951015472
  soma_gmax_Na: 0.6838330626487732
