PinskyRinzel:
  V_rest: -60.0
  V_threshold: -43.0
  Ltotal: 28.40092658996582
  cm_ratio: 4.353466033935547
  dend_beta_Caconc: 0.009999999776482582
  dend_d_Caconc: 3.7345924377441406
  dend_g_pas: 0.0001867823302745819
  dend_gmax_Ca: 0.36491841077804565
  dend_gmax_KCa: 1.0
  gc: 44.97706985473633
  pp: 0.23754265904426575
  soma_g_pas: 0.0
  soma_gmax_K: 0.8022789359092712
  soma_gmax_Na: 0.4224260747432709
  ic_constant: -0.02939414605498314
  e_pas: -62
  global_cm: 3.0
  global_diam: 10.0
